VOCdevkit/VOC2007/JPEGImages/1.jpg 28,23,61,101,0 112,23,145,101,1 186,23,217,101,2 475,98,499,154,1 421,96,442,151,0 526,99,550,155,2 270,183,279,202,2 234,182,244,202,2
VOCdevkit/VOC2007/JPEGImages/10.jpg 191,44,208,83,0 287,47,304,85,1
VOCdevkit/VOC2007/JPEGImages/11.jpg 41,48,77,133,0 216,40,253,131,1
VOCdevkit/VOC2007/JPEGImages/12.jpg 200,36,273,199,1 329,49,397,212,0
VOCdevkit/VOC2007/JPEGImages/13.jpg 68,97,96,160,0 221,103,248,166,0 295,106,321,168,1
VOCdevkit/VOC2007/JPEGImages/14.jpg 227,152,284,298,1
VOCdevkit/VOC2007/JPEGImages/15.jpg 78,105,108,187,0 200,110,230,192,1 326,116,358,188,0
VOCdevkit/VOC2007/JPEGImages/16.jpg 1194,848,1287,1066,0 1617,843,1707,1053,0 2022,843,2117,1058,1
VOCdevkit/VOC2007/JPEGImages/17.jpg 79,113,148,152,0 169,114,238,154,1 260,115,328,153,0
VOCdevkit/VOC2007/JPEGImages/18.jpg 223,107,258,125,0 266,107,301,126,0 308,107,342,125,0
VOCdevkit/VOC2007/JPEGImages/19.jpg 34,44,102,79,0 249,35,323,73,0
VOCdevkit/VOC2007/JPEGImages/2.jpg 110,18,138,84,0 297,17,327,87,0 201,18,233,87,1
VOCdevkit/VOC2007/JPEGImages/20.jpg 47,143,138,187,0 276,152,365,195,0
VOCdevkit/VOC2007/JPEGImages/21.jpg 7,41,36,103,0 141,39,165,103,1 126,167,139,195,0 178,168,191,198,0 228,171,241,199,0
VOCdevkit/VOC2007/JPEGImages/22.jpg 179,53,188,76,0 213,53,222,74,0
VOCdevkit/VOC2007/JPEGImages/23.jpg 139,53,152,83,0
VOCdevkit/VOC2007/JPEGImages/24.jpg 285,53,304,107,0 357,53,375,107,0 433,53,453,107,1
VOCdevkit/VOC2007/JPEGImages/25.jpg 91,1,160,200,1
VOCdevkit/VOC2007/JPEGImages/26.jpg 91,69,110,115,0 156,69,176,116,0
VOCdevkit/VOC2007/JPEGImages/27.jpg 335,156,354,200,0
VOCdevkit/VOC2007/JPEGImages/28.jpg 493,178,514,223,0 599,178,618,224,0
VOCdevkit/VOC2007/JPEGImages/29.jpg 104,124,129,184,1 400,129,430,190,1
VOCdevkit/VOC2007/JPEGImages/3.jpg 162,1,186,56,0 297,1,319,58,1 434,1,457,61,1
VOCdevkit/VOC2007/JPEGImages/30.jpg 772,319,809,413,0
VOCdevkit/VOC2007/JPEGImages/31.jpg 766,244,793,292,1 849,242,872,290,1
VOCdevkit/VOC2007/JPEGImages/32.jpg 199,166,214,195,1 228,167,240,197,1 253,165,268,198,1
VOCdevkit/VOC2007/JPEGImages/33.jpg 192,68,251,90,0
VOCdevkit/VOC2007/JPEGImages/34.jpg 311,247,423,300,1
VOCdevkit/VOC2007/JPEGImages/35.jpg 246,98,255,120,0
VOCdevkit/VOC2007/JPEGImages/36.jpg 95,125,298,607,0 592,130,792,594,1
VOCdevkit/VOC2007/JPEGImages/37.jpg 3468,1434,3647,1913,0 3760,1447,3935,1918,1 4010,1426,4222,1918,0
VOCdevkit/VOC2007/JPEGImages/38.jpg 172,12,265,258,0
VOCdevkit/VOC2007/JPEGImages/39.jpg 212,68,257,87,0
VOCdevkit/VOC2007/JPEGImages/4.jpg 58,14,149,60,0 491,14,594,62,0
VOCdevkit/VOC2007/JPEGImages/40.jpg 143,117,158,148,1 427,72,445,108,1 543,142,560,178,1
VOCdevkit/VOC2007/JPEGImages/41.jpg 142,80,162,120,1 219,75,237,117,1
VOCdevkit/VOC2007/JPEGImages/42.jpg 155,319,196,424,0 229,319,275,424,0
VOCdevkit/VOC2007/JPEGImages/43.jpg 177,52,254,83,1 274,52,353,82,0 381,49,457,84,0
VOCdevkit/VOC2007/JPEGImages/44.jpg 82,55,109,115,0
VOCdevkit/VOC2007/JPEGImages/45.jpg 16,120,101,168,0 147,118,232,166,0 274,118,361,163,0
VOCdevkit/VOC2007/JPEGImages/46.jpg 233,118,274,136,0 294,116,335,135,0
VOCdevkit/VOC2007/JPEGImages/47.jpg 134,167,207,197,0 222,170,300,201,0
VOCdevkit/VOC2007/JPEGImages/48.jpg 179,141,231,258,1 560,133,621,256,1 368,134,418,258,0
VOCdevkit/VOC2007/JPEGImages/49.jpg 235,67,267,144,0 476,66,504,142,0 357,68,383,143,1
VOCdevkit/VOC2007/JPEGImages/5.jpg 192,25,220,83,0 234,24,257,85,1 273,26,296,83,0
VOCdevkit/VOC2007/JPEGImages/50.jpg 169,87,214,179,1 272,91,314,180,0 364,89,411,181,0
VOCdevkit/VOC2007/JPEGImages/6.jpg 39,130,82,228,0 244,128,288,226,1
VOCdevkit/VOC2007/JPEGImages/7.jpg 66,200,148,235,0 222,201,293,235,0
VOCdevkit/VOC2007/JPEGImages/8.jpg 44,69,91,88,0 148,63,204,83,0
VOCdevkit/VOC2007/JPEGImages/9.jpg 238,288,254,318,1 217,291,233,321,1 148,321,161,348,1 166,321,184,345,1 520,216,546,260,1 849,76,884,151,1 489,214,512,260,0 793,78,832,155,0
