VOCdevkit/VOC2007/JPEGImages/1.jpg 316,162,354,203,0 114,163,142,192,0 85,144,109,172,0 157,180,191,213,0 243,214,280,252,0 206,174,237,207,0 177,143,202,174,0 132,134,155,160,0 107,122,129,144,0 219,108,242,131,0 269,137,294,169,0 301,130,322,159,0 380,114,405,131,0 162,125,180,150,0 259,102,278,125,0 81,109,102,126,0 151,113,169,133,0 314,92,331,112,0 175,73,190,89,0 101,96,116,110,0 128,92,146,103,0 347,109,364,125,0 366,97,387,117,0 231,69,248,87,0 185,94,204,111,0 210,92,222,105,0 203,102,223,119,0 216,78,227,92,0 293,68,306,84,0 277,82,287,97,0 242,113,261,132,0 341,85,356,102,0 322,79,333,92,0 265,63,278,75,0 252,64,262,81,0 234,85,250,103,0 79,124,108,144,0 301,86,317,99,0 161,82,172,97,0 189,80,202,94,0
VOCdevkit/VOC2007/JPEGImages/10.jpg 122,185,342,404,0 137,106,233,187,0 343,142,455,255,0 1,150,83,252,0 261,82,348,145,0 434,107,515,189,0 736,146,882,288,0 730,110,819,197,0 613,71,685,115,0 464,78,541,153,0
VOCdevkit/VOC2007/JPEGImages/2.jpg 857,393,1023,546,0 184,474,307,564,0 553,587,725,732,0 870,683,1073,788,0 644,400,778,517,0 349,348,443,430,0 528,365,636,463,0 506,235,592,316,0 608,259,709,338,0 865,311,1009,406,0 1056,341,1182,452,0 1182,151,1301,285,0 228,226,323,339,0 1017,257,1121,340,0 781,227,858,304,0 868,225,956,291,0 179,230,227,279,0 44,279,114,341,0 1,252,64,318,0 204,187,263,231,0 333,188,402,258,0 176,228,228,284,0 127,220,175,275,0 536,160,613,227,0 651,146,719,205,0 306,545,472,657,0 1420,267,1486,331,0 1392,164,1454,247,0 1159,291,1253,360,0 715,305,821,370,0 407,198,478,268,0
VOCdevkit/VOC2007/JPEGImages/3.jpg 268,78,330,142,0 583,136,673,219,0 468,131,564,207,0 1085,240,1200,381,0 528,26,603,109,0 371,28,438,92,0 396,123,472,192,0 673,168,789,274,0 710,59,787,140,0 605,60,679,128,0 787,100,868,170,0 882,15,958,115,0 791,16,857,92,0 614,7,696,67,0 431,14,498,59,0 722,2,779,77,0 1120,83,1183,160,0 1046,14,1100,91,0 1118,26,1187,101,0 304,115,368,176,0 922,1,984,53,0
VOCdevkit/VOC2007/JPEGImages/4.jpg 125,115,170,154,0 151,130,210,199,0 201,110,246,154,0 241,123,305,191,0 270,99,307,131,0 17,103,44,125,0 158,102,191,127,0 113,106,142,122,0 32,98,54,114,0 1,115,28,141,0 14,86,32,106,0 1,91,15,110,0 61,87,74,101,0 54,89,65,102,0 40,92,57,105,0 183,95,201,112,0 112,86,124,98,0 146,95,165,110,0 222,95,245,114,0 210,90,227,108,0 198,88,213,103,0 244,91,261,107,0 264,87,280,106,0 282,89,300,107,0 178,88,193,103,0 32,84,44,97,0 157,86,166,96,0 137,88,149,100,0 114,94,130,108,0 231,85,245,96,0 146,91,158,100,0
VOCdevkit/VOC2007/JPEGImages/5.jpg 76,164,204,311,0 259,155,363,257,0 352,121,435,228,0 31,133,113,248,0 173,133,256,222,0 431,101,481,172,0 297,113,368,159,0 142,102,206,162,0 43,107,100,149,0 4,106,39,152,0 84,78,119,119,0 246,83,273,113,0 258,107,293,143,0 304,85,339,122,0 350,86,380,125,0 319,110,366,157,0 491,96,534,150,0
VOCdevkit/VOC2007/JPEGImages/6.jpg 88,116,229,309,0 337,119,491,317,0 337,87,413,168,0 176,81,220,138,0 56,95,97,155,0 242,98,305,173,0 257,77,278,99,0 311,95,340,137,0 293,79,312,106,0 133,87,161,119,0 10,93,57,139,0 216,89,245,127,0 232,68,260,100,0 166,88,186,116,0 109,88,133,112,0 353,65,373,92,0 318,77,343,95,0
VOCdevkit/VOC2007/JPEGImages/7.jpg 55,144,146,222,0 87,194,175,285,0 177,173,266,248,0 342,126,392,183,0 474,69,524,202,0 390,111,436,161,0 445,79,477,132,0 185,119,239,189,0 236,112,280,168,0 282,107,316,155,0 104,105,148,150,0 155,97,199,131,0 260,84,286,122,0 41,93,78,135,0 235,84,258,121,0 145,68,170,93,0 72,72,100,94,0 92,86,122,124,0 7,40,33,55,0 28,76,59,111,0 44,44,69,66,0 23,64,48,86,0 12,48,35,76,0 104,41,123,62,0 96,59,117,85,0 125,58,145,80,0 236,48,252,68,0 182,81,200,99,0 201,90,230,126,0 206,73,226,97,0 138,37,159,58,0 124,43,146,61,0 57,56,79,78,0 335,97,362,133,0 294,83,328,108,0 254,54,271,78,0 181,67,203,90,0 200,58,227,78,0 186,47,206,67,0 380,85,401,117,0 413,81,441,109,0 348,75,364,93,0 370,75,382,92,0 172,51,185,70,0 300,60,314,82,0 278,62,296,85,0 343,66,360,83,0 324,58,341,75,0 284,52,295,68,0 214,44,229,59,0 298,100,324,122,0 270,49,282,65,0
VOCdevkit/VOC2007/JPEGImages/8.jpg 71,99,151,186,0 141,120,223,234,0 205,92,298,183,0 294,118,389,239,0 375,88,483,205,0
VOCdevkit/VOC2007/JPEGImages/9.jpg 295,162,415,263,0 247,92,320,160,0 410,109,481,194,0 51,93,95,135,0 12,178,109,272,0 124,113,196,174,0 153,75,194,113,0 492,82,542,127,0 362,73,396,110,0 389,83,433,139,0 454,73,487,112,0 531,71,573,104,0 280,71,307,94,0 494,62,524,91,0 435,65,458,95,0 370,61,396,81,0 268,79,291,98,0
